0.6789132882882883
0.6438259109311741
1.0
1.0
0.6927350427350427
0.6012436844150797
0.4704861111111111
0.9166666666666666
0.5746634838538558
0.6367958554659322
1.0
1.0
0.4880952380952381
0.8853073463268366
0.8
0.6303555599330247
0.8430749088188535
0.5454545454545454
0.6165447215170972
0.6305344025877755
0.7832308874375721
0.2807017543859649
0.7849119611414693
0.8
0.7478632478632479
0.8461887477313974
0.5825443277672577
0.6604892512972572
1.0
0.7407062234648442
0.721677559912854
0.1716465104658698
0.6615731115731116
0.5083333333333333
0.7449758991472006
0.7253272540079423
0.6306809824974261
0.6669061302681992
0.6001912045889102
0.6607313575525813
0.6026441702341979
0.85
0.9
0.5968958930276982
0.68958317419092
0.6619093694565392
0.6609703632887189
0.622036328871893
0.9818568241028134
0.6666666666666666
0.981859410430839
0.8417739130434783
