0.044681733360978644
0.05371272860661322
0.0
0.0
0.04294594979357472
0.07627666451195864
0.11955719557195572
0.09090909090909091
0.05780880401546184
0.05123320117398692
0.0
0.0
0.3821138211382114
0.04939316963025685
0.25
0.05713541666666667
0.04170826400443705
0.21929824561403508
0.05788326471300557
0.05536258216213328
0.03641937461679951
0.4375
0.03635660413846451
0.2
0.04657142857142857
0.04621983914209115
0.06560283687943262
0.05708601163146618
0.0
0.043478260869565216
0.052075471698113204
0.09465544689561065
0.05850311632535484
0.29508196721311475
0.04887517419868605
0.04140052046368583
0.045981032338308456
0.043518850987432675
0.05121057661675693
0.042539338035811176
0.05411391082696085
0.11764705882352941
0.1111111111111111
0.051444115529242336
0.04685769145557935
0.04324521866244366
0.045308262520339905
0.05221701375547529
0.005421017551655188
0.5
0.004618937644341801
0.04545266724515516
